mgc_rve_context_lcv "8_Bit_CSL_Adder" "8_Bit_CSL_Adder" "layout" 2000
mgc_rve_highlight_index 0 "417" "#00000000FFFF"
mgc_rve_layer "metal1"
mp 24 70.355 27.3075 70.39 27.3075 70.39 27.2725 70.46 27.2725 70.46 27.3075 70.665 27.3075 70.665 27.3775 70.46 27.3775 70.46 27.69 72.375 27.69 72.375 27.76 70.46 27.76 70.46 27.9125 70.665 27.9125 70.665 27.9825 70.46 27.9825 70.46 28.0175 70.39 28.0175 70.39 27.9825 70.355 27.9825 70.355 27.9125 70.39 27.9125 70.39 27.3775 70.355 27.3775
mgc_rve_layer "psrcdrn"
mr 70.35 27.8875 70.47 28.0275
mr 70.55 27.8875 70.665 28.0475
mgc_rve_layer "nsrcdrn"
mr 70.35 27.2925 70.47 27.3825
mr 70.55 27.2925 70.665 27.3925
mgc_rve_zoom 69.9165 27.1065 72.8085 28.2135 1
